1 0.058640000000000005 0.640715 0.11445000000000001 0.14603500000000008
1 0.17204333333333333 0.6412575 0.10640000000000001 0.14605999999999994
1 0.28742999999999996 0.63987 0.07967333333333333 0.14858999999999992
1 0.40030333333333334 0.6423875 0.05641000000000001 0.14725749999999993
1 0.61639 0.643105 0.07262999999999996 0.13383999999999993
1 0.7251233333333333 0.646875 0.09909000000000007 0.12333500000000004
1 0.8735 0.64935 0.06899333333333318 0.10844499999999993
2 0.45488 0.5096625 0.1542866666666667 0.013970000000000028
5 0.52233 0.5086700000000001 0.010386666666666619 0.008794999999999959
2 0.6863566666666667 0.5408525 0.04245000000000004 0.05338499999999999
5 0.6941266666666667 0.526865 0.013756666666666813 0.011375