2 0.4758533333333333 0.1818625 0.5243266666666667 0.047792500000000016
2 0.4728533333333333 0.308035 0.06167000000000007 0.061592499999999974
1 0.31953000000000004 0.43503250000000004 0.04022333333333336 0.05260249999999996
1 0.37705000000000005 0.434375 0.030809999999999945 0.053519999999999984
1 0.6203733333333333 0.4334625 0.03006333333333335 0.05225
1 0.6802333333333334 0.427165 0.027936666666666648 0.06389250000000005
10 0.47253999999999996 0.29261750000000003 0.035023333333333385 0.024845000000000027
7 0.7130233333333333 0.183335 0.02744333333333331 0.028162500000000024
2 0.2886833333333333 0.35408 0.07245666666666663 0.012889999999999987
8 0.31468 0.35448 0.013333333333333334 0.008787500000000023
6 0.5 0.7316275000000001 1 0.3661875
3 0.2631066666666667 0.35408 0.010306666666666691 0.007524999999999977