2 0.4778141711229946 0.4552439839572192 0.7016176470588235 0.14845588235294113
8 0.4243883689839572 0.4549264705882353 0.061647727272727215 0.06417446524064163
7 0.4184792780748663 0.47239639037433157 0.012964572192513357 0.016714572192513443
7 0.7936497326203208 0.4868683155080214 0.03493315508021405 0.047830882352941216
7 0.48202874331550805 0.47764037433155077 0.01216577540106955 0.013793449197860956
8 0.690110294117647 0.6461497326203208 0.02223930481283421 0.027489973262032084
2 0.09547459893048127 0.6695187165775401 0.1747192513368984 0.016878342245989306
11 0.1749331550802139 0.6699933155080213 0.009488636363636378 0.010120320855615041
8 0.061841577540106954 0.6693749999999999 0.012523395721925124 0.011721256684492034
8 0.279725935828877 0.6942814171122994 0.009164438502673821 0.01064505347593595
3 0.26878342245989306 0.6929411764705883 0.005618315508021372 0.0051771390374330825