6 0.40204333333333336 0.6648200000000001 0.7274233333333335 0.5153625
6 0.6248466666666667 0.33971749999999995 0.26364000000000004 0.1255675
2 0.49 0.1653125 0.98 0.149375
10 0.89852 0.1709225 0.11963000000000011 0.09315499999999999
8 0.25175333333333333 0.16583250000000002 0.12684333333333334 0.08916500000000002
7 0.22808333333333333 0.19541 0.0295 0.023319999999999994
7 0.3571233333333333 0.195075 0.021190000000000056 0.019267499999999983
7 0.6407666666666667 0.8351275 0.03441 0.029440000000000053
7 0.43832 0.5809875 0.024089999999999993 0.028464999999999917
11 0.34752 0.5794925 0.022156666666666637 0.02811999999999989
7 0.6578666666666666 0.42014999999999997 0.01735000000000006 0.011345000000000027
11 0.2761433333333333 0.41817750000000004 0.016773333333333314 0.013565000000000054